0.000000000000000000e+00
1.753600686788558960e-02
3.507198393344879150e-02
5.260793119668960571e-02
7.014372199773788452e-02
8.767931163311004639e-02
1.052146181464195251e-01
1.227496862411499023e-01
1.402844339609146118e-01
1.578189730644226074e-01
1.753535121679306030e-01
1.928881406784057617e-01
2.104228734970092773e-01
2.279578298330307007e-01
2.454929351806640625e-01
2.630281150341033936e-01
2.805634438991546631e-01
2.980987727642059326e-01
3.156341016292572021e-01
3.331694006919860840e-01
3.507046103477478027e-01
3.682397603988647461e-01
3.857747614383697510e-01
4.033095538616180420e-01
4.208441674709320068e-01
4.383784830570220947e-01
4.559124708175659180e-01
4.734460711479187012e-01
4.909792840480804443e-01
5.085121393203735352e-01
5.260450243949890137e-01
5.435781478881835938e-01
5.611117482185363770e-01
5.786459445953369141e-01
5.961807370185852051e-01
6.137159466743469238e-01
6.312514543533325195e-01
6.487872600555419922e-01
6.663231253623962402e-01
6.838590502738952637e-01
7.013950347900390625e-01
7.189310193061828613e-01
7.364669442176818848e-01
7.540028691291809082e-01
7.715388536453247070e-01
7.890747189521789551e-01
8.066106438636779785e-01
8.241466283798217773e-01
8.416825532913208008e-01
8.592184782028198242e-01
8.767544627189636230e-01
8.942904472351074219e-01
9.118263721466064453e-01
9.293623566627502441e-01
9.468983411788940430e-01
9.644342660903930664e-01
9.819702506065368652e-01
9.995062947273254395e-01
1.017042279243469238e+00
1.034578323364257812e+00
1.052114367485046387e+00
1.069650292396545410e+00
1.087186336517333984e+00
1.104722380638122559e+00
1.122258424758911133e+00
1.139794468879699707e+00
1.157330513000488281e+00
1.174866557121276855e+00
1.192402601242065430e+00
1.209938645362854004e+00
1.227474689483642578e+00
1.245010733604431152e+00
1.262546658515930176e+00
1.280082702636718750e+00
1.297618746757507324e+00
1.315154790878295898e+00
1.332690834999084473e+00
1.350226879119873047e+00
1.367762923240661621e+00
1.385298848152160645e+00
1.402834892272949219e+00
1.420370936393737793e+00
1.437906861305236816e+00
1.455442786216735840e+00
1.472978830337524414e+00
1.490514874458312988e+00
1.508050918579101562e+00
1.525586843490600586e+00
1.543122768402099609e+00
1.560658693313598633e+00
1.578194499015808105e+00
1.595730423927307129e+00
1.613266229629516602e+00
1.630801916122436523e+00
1.648337721824645996e+00
1.665873289108276367e+00
1.683408856391906738e+00
1.700944066047668457e+00
1.718478798866271973e+00
1.736012101173400879e+00
1.753542065620422363e+00
1.771075606346130371e+00
1.788611650466918945e+00
1.806147694587707520e+00
1.823683738708496094e+00
1.841219782829284668e+00
1.858755707740783691e+00
1.876291513442993164e+00
1.893826961517333984e+00
1.911361694335937500e+00
1.928895235061645508e+00
1.946427702903747559e+00
1.963959813117980957e+00
1.981492400169372559e+00
1.999025940895080566e+00
2.016560316085815430e+00
2.034095287322998047e+00
2.051630735397338867e+00
2.069166421890258789e+00
2.086702346801757812e+00
2.104238271713256836e+00
2.121774196624755859e+00
2.139310121536254883e+00
2.156846284866333008e+00
2.174382209777832031e+00
2.191918134689331055e+00
2.209454059600830078e+00
2.226989984512329102e+00
2.244525909423828125e+00
2.262061834335327148e+00
2.279597759246826172e+00
2.297133684158325195e+00
2.314669609069824219e+00
2.332205533981323242e+00
2.349741458892822266e+00
2.367277383804321289e+00
2.384813308715820312e+00
2.402349233627319336e+00
2.419885396957397461e+00
2.437421321868896484e+00
2.454957246780395508e+00
2.472493171691894531e+00
2.490029096603393555e+00
2.507565021514892578e+00
2.525100946426391602e+00
2.542637109756469727e+00
2.560173034667968750e+00
2.577709197998046875e+00
2.595245122909545898e+00
2.612781047821044922e+00
2.630316972732543945e+00
2.647853136062622070e+00
2.665389299392700195e+00
2.682925224304199219e+00
2.700461149215698242e+00
2.717997074127197266e+00
2.735533237457275391e+00
2.753069162368774414e+00
2.770605087280273438e+00
2.788141012191772461e+00
2.805676937103271484e+00
2.823212862014770508e+00
2.840748786926269531e+00
2.858284711837768555e+00
2.875820636749267578e+00
2.893356561660766602e+00
2.910892486572265625e+00
2.928428411483764648e+00
2.945964336395263672e+00
2.963500261306762695e+00
2.981036424636840820e+00
2.998572349548339844e+00
3.016108274459838867e+00
3.033644199371337891e+00
3.051180124282836914e+00
3.068716049194335938e+00
3.086251974105834961e+00
3.103787422180175781e+00
3.121322631835937500e+00
3.138857126235961914e+00
3.156390666961669922e+00
3.173923492431640625e+00
3.191455602645874023e+00
3.208987712860107422e+00
3.226520538330078125e+00
3.244054317474365234e+00
3.261589050292968750e+00
3.279124259948730469e+00
3.296659946441650391e+00
3.314195871353149414e+00
3.331731796264648438e+00
3.349267721176147461e+00
3.366803646087646484e+00
3.384339570999145508e+00
3.401875734329223633e+00
3.419411659240722656e+00
3.436947584152221680e+00
3.454483509063720703e+00
3.472019433975219727e+00
3.489555358886718750e+00
3.507091283798217773e+00
